					郑州商品交易所期货每日行情表(2021-08-25)
合约代码|昨结算    |今开盘    |最高价    |最低价    |今收盘    |今结算    |涨跌1    |涨跌2    |成交量(手)|持仓量    |增减量    |成交额(万元)|交割结算价
TA109 |4,954.00  |4,976.00  |5,006.00  |4,932.00  |4,954.00  |4,966.00  |0.00     |12.00    |40,032    |92,778    |-10,109   |99,231.00   |
TA110 |4,994.00  |5,002.00  |5,060.00  |4,976.00  |5,000.00  |5,010.00  |6.00     |16.00    |157,502   |252,320   |1,070     |394,561.95  |
TA111 |4,998.00  |5,008.00  |5,076.00  |4,994.00  |5,014.00  |5,022.00  |16.00    |24.00    |120,882   |393,750   |31,649    |303,554.32  |
TA112 |5,004.00  |5,010.00  |5,074.00  |4,990.00  |5,008.00  |5,020.00  |4.00     |16.00    |15,073    |22,525    |1,894     |37,836.16   |
TA201 |5,012.00  |5,026.00  |5,084.00  |4,996.00  |5,016.00  |5,030.00  |4.00     |18.00    |1,722,423 |1,577,530 |-4,361    |4,332,080.19|
TA202 |4,976.00  |4,988.00  |5,050.00  |4,980.00  |5,000.00  |4,998.00  |24.00    |22.00    |72        |28,351    |-41       |179.94      |
TA203 |4,960.00  |4,972.00  |5,020.00  |4,956.00  |4,962.00  |4,980.00  |2.00     |20.00    |2,908     |46,794    |122       |7,239.31    |
TA204 |4,986.00  |4,986.00  |5,026.00  |4,962.00  |4,982.00  |4,990.00  |-4.00    |4.00     |52        |8,511     |-16       |129.72      |
TA205 |4,970.00  |4,990.00  |5,040.00  |4,966.00  |4,980.00  |4,994.00  |10.00    |24.00    |40,325    |157,996   |-136      |100,694.42  |
TA206 |4,980.00  |4,990.00  |4,990.00  |4,962.00  |4,984.00  |4,978.00  |4.00     |-2.00    |9         |1,139     |4         |22.40       |
TA207 |4,974.00  |4,978.00  |5,012.00  |4,970.00  |4,988.00  |4,990.00  |14.00    |16.00    |16        |944       |2         |39.91       |
TA208 |4,958.00  |0.00      |0.00      |0.00      |0.00      |4,958.00  |0.00     |0.00     |0         |7         |0         |0.00        |
小计    |          |          |          |          |          |          |         |         |2,099,294 |2,582,645 |20,078    |5,275,569.33|
总计    |          |          |          |          |          |          |         |         |2,099,294 |2,582,645 |20,078    |5,275,569.33|
